500 1000
1 2
1 3
2 4
4 5
2 6
1 7
7 8
3 9
4 10
7 11
4 12
9 13
9 14
13 15
6 16
3 17
13 18
12 19
10 20
9 21
18 22
2 23
18 24
1 25
22 26
11 27
17 28
11 29
6 30
26 31
29 32
4 33
29 34
30 35
32 36
13 37
10 38
3 39
9 40
40 41
31 42
12 43
41 44
17 45
10 46
13 47
43 48
3 49
14 50
34 51
48 52
31 53
22 54
35 55
19 56
18 57
4 58
15 59
36 60
20 61
31 62
26 63
13 64
29 65
47 66
61 67
34 68
55 69
50 70
66 71
16 72
43 73
68 74
74 75
7 76
72 77
30 78
6 79
52 80
33 81
71 82
59 83
51 84
61 85
14 86
14 87
85 88
68 89
19 90
23 91
77 92
44 93
43 94
11 95
81 96
59 97
26 98
59 99
28 100
57 101
12 102
62 103
42 104
31 105
14 106
46 107
96 108
108 109
3 110
88 111
107 112
31 113
69 114
26 115
114 116
99 117
105 118
10 119
118 120
97 121
16 122
60 123
63 124
68 125
35 126
108 127
99 128
40 129
6 130
8 131
118 132
99 133
6 134
70 135
58 136
114 137
36 138
89 139
80 140
69 141
140 142
8 143
102 144
2 145
82 146
97 147
116 148
144 149
43 150
62 151
94 152
20 153
15 154
128 155
4 156
102 157
38 158
114 159
144 160
54 161
87 162
124 163
9 164
131 165
70 166
65 167
73 168
32 169
7 170
169 171
170 172
169 173
156 174
127 175
44 176
94 177
39 178
62 179
21 180
87 181
142 182
89 183
57 184
178 185
105 186
16 187
166 188
142 189
165 190
76 191
22 192
15 193
131 194
46 195
108 196
48 197
7 198
86 199
98 200
182 201
72 202
190 203
104 204
126 205
49 206
86 207
80 208
57 209
197 210
14 211
176 212
11 213
168 214
57 215
151 216
43 217
28 218
55 219
57 220
83 221
42 222
178 223
117 224
72 225
222 226
159 227
73 228
69 229
138 230
197 231
207 232
121 233
184 234
70 235
116 236
79 237
105 238
39 239
138 240
11 241
131 242
11 243
172 244
51 245
193 246
237 247
226 248
215 249
28 250
230 251
57 252
164 253
32 254
79 255
83 256
72 257
254 258
194 259
117 260
44 261
105 262
254 263
115 264
1 265
109 266
200 267
236 268
7 269
133 270
207 271
212 272
210 273
233 274
89 275
127 276
227 277
176 278
143 279
119 280
175 281
69 282
43 283
106 284
25 285
7 286
179 287
35 288
201 289
5 290
260 291
50 292
186 293
198 294
229 295
21 296
249 297
139 298
3 299
66 300
107 301
262 302
187 303
231 304
255 305
300 306
134 307
63 308
84 309
265 310
3 311
156 312
21 313
80 314
100 315
309 316
281 317
220 318
211 319
289 320
189 321
128 322
8 323
240 324
36 325
159 326
76 327
242 328
114 329
190 330
34 331
98 332
107 333
58 334
96 335
182 336
286 337
281 338
98 339
96 340
235 341
226 342
157 343
62 344
60 345
60 346
174 347
70 348
165 349
29 350
160 351
29 352
195 353
11 354
231 355
211 356
217 357
127 358
241 359
328 360
193 361
33 362
8 363
358 364
341 365
147 366
144 367
49 368
291 369
288 370
241 371
353 372
293 373
129 374
184 375
152 376
266 377
31 378
12 379
119 380
258 381
290 382
200 383
368 384
50 385
261 386
41 387
286 388
181 389
42 390
41 391
352 392
322 393
227 394
18 395
220 396
280 397
18 398
32 399
305 400
156 401
54 402
390 403
147 404
94 405
298 406
255 407
63 408
334 409
243 410
270 411
329 412
301 413
169 414
53 415
310 416
377 417
133 418
369 419
28 420
268 421
360 422
134 423
102 424
421 425
355 426
329 427
135 428
260 429
29 430
114 431
414 432
287 433
49 434
122 435
284 436
236 437
317 438
70 439
406 440
358 441
278 442
363 443
66 444
1 445
36 446
339 447
289 448
188 449
173 450
366 451
444 452
86 453
290 454
151 455
48 456
128 457
350 458
291 459
259 460
150 461
278 462
98 463
325 464
275 465
191 466
161 467
102 468
336 469
280 470
466 471
301 472
76 473
23 474
241 475
70 476
269 477
402 478
145 479
35 480
310 481
425 482
328 483
297 484
429 485
87 486
310 487
355 488
313 489
169 490
95 491
55 492
350 493
294 494
258 495
402 496
160 497
8 498
38 499
23 500
336 488
83 252
252 153
348 56
466 104
128 475
326 421
293 250
89 168
401 474
427 116
140 25
136 449
493 391
5 414
261 193
253 195
444 4
348 291
412 165
394 39
139 71
311 283
320 252
450 73
77 228
188 216
104 323
16 96
65 21
10 325
213 262
19 8
118 218
150 29
382 395
419 372
466 81
154 137
332 455
61 408
183 248
475 286
422 491
234 486
11 162
75 356
33 82
325 250
83 353
132 477
271 3
294 204
9 283
35 463
343 443
497 91
269 135
364 259
368 350
121 462
11 47
169 43
480 494
293 62
346 276
39 469
130 332
172 138
114 58
453 457
352 301
399 121
287 262
231 154
111 204
467 474
250 136
16 230
129 160
291 326
287 329
146 417
161 169
406 126
227 210
434 78
363 332
198 149
446 429
303 56
132 269
381 233
256 249
462 384
408 105
62 195
433 207
463 445
376 368
71 454
430 356
31 292
188 229
440 133
9 94
40 492
363 421
224 118
169 38
354 428
142 267
122 74
325 436
371 52
156 293
5 85
148 36
376 335
116 167
319 124
261 359
115 123
131 190
92 151
227 297
78 368
415 52
294 240
487 16
143 142
308 148
78 307
35 305
142 150
472 312
273 232
22 239
206 152
428 149
154 7
298 232
226 212
135 19
303 121
386 446
115 193
445 44
500 479
349 493
128 320
156 400
51 178
490 108
181 417
256 335
275 53
418 1
117 52
371 419
24 257
364 490
449 160
34 300
138 382
144 265
53 300
16 103
477 5
62 9
274 317
343 48
222 260
48 338
163 419
256 187
175 472
176 475
131 209
127 269
442 270
385 494
69 401
448 397
405 9
258 178
326 100
226 399
212 125
236 374
43 491
412 69
314 88
44 148
170 65
442 291
449 435
212 349
235 108
106 243
217 135
420 169
360 318
380 337
53 105
379 396
369 448
61 308
343 5
455 12
421 248
302 222
183 13
70 269
473 27
11 41
162 283
209 373
100 440
209 5
397 440
252 265
387 312
72 229
169 378
92 441
126 245
162 160
110 84
428 434
110 438
474 123
72 183
496 24
474 56
28 370
495 131
134 381
294 205
461 462
83 404
255 208
1 416
219 110
499 146
395 461
435 368
83 7
402 430
30 376
486 409
97 480
39 231
213 332
287 25
146 369
429 252
428 429
167 146
390 18
143 284
330 78
3 264
84 257
194 113
484 31
373 80
362 411
310 74
94 97
451 91
317 231
342 97
159 361
94 400
230 237
35 59
166 37
174 249
145 367
213 128
249 85
208 111
347 17
36 292
465 486
235 134
216 428
82 226
288 175
477 369
263 11
279 428
400 453
176 171
240 172
420 176
231 382
374 99
417 166
64 255
252 49
322 179
130 400
319 304
376 187
67 239
466 346
138 418
22 33
88 113
56 359
289 286
240 14
385 9
179 300
263 430
348 84
461 329
483 279
132 211
317 50
449 134
396 438
51 269
322 491
233 378
349 373
15 441
387 251
449 417
50 211
199 249
146 159
77 481
289 61
43 105
462 491
239 209
280 141
329 453
483 62
182 184
434 197
124 172
447 72
89 349
134 287
97 131
297 26
111 85
86 153
41 47
495 279
256 126
272 84
431 254
497 112
437 283
160 412
454 107
335 394
307 468
32 255
451 328
280 413
264 365
418 305
264 412
435 371
390 206
454 320
312 303
283 100
85 443
12 390
401 198
284 207
166 167
461 468
495 93
380 258
309 297
414 72
61 349
442 450
406 248
121 69
50 403
21 486
345 32
375 245
81 10
303 246
177 116
65 23
208 445
132 16
241 46
440 301
246 233
102 3
332 74
72 233
477 92
218 173
475 445
270 55
306 424
153 334
39 69
356 98
13 488
466 254
385 257
406 130
489 360
484 321
433 407
405 261
350 123
286 176
419 407
83 76
330 235
410 221
303 265
170 168
104 135
273 488
243 30
469 232
389 453
404 174
211 160
434 61
134 71
236 52
477 318
128 159
404 37
231 59
153 400
78 257
387 350
96 129
379 65
212 120
369 467
293 79
127 78
491 260
149 227
164 477
396 143
135 152
179 217
62 183
117 139
439 355
340 35
483 70
451 47
189 319
13 481
249 491
59 240
251 59
318 266
35 65
408 22
216 438
238 129
120 206
119 411
60 458
297 43
28 247
441 216
417 305
49 165
296 459
404 398
17 73
163 403
138 70
424 353
7 14
334 478
219 452
388 279
410 184
173 437
282 113
4 198
269 404
215 64
362 470
313 230
43 475
133 180
462 262 335 126 60 160 208 127 309 75 129 336 240 82 42 267 370 304 198 121 348 58 348 1 353 253 160 156 40 246 111 212 418 177 262 373 372 461 62 457 351 415 367 195 292 348 211 283 240 323 149 40 99 103 453 199 79 102 453 27 351 99 314 169 2 297 211 350 423 488 30 272 130 294 164 499 39 88 25 136 359 93 75 191 248 205 162 348 446 151 231 142 68 349 291 88 59 45 172 323 312 287 56 265 105 355 208 71 89 144 42 269 328 151 345 401 169 433 190 189 443 400 244 87 387 372 165 8 80 21 466 205 142 400 62 466 495 173 25 450 265 461 287 216 200 498 349 255 268 56 149 45 319 46 285 205 171 165 262 319 351 401 254 149 412 287 301 484 271 443 309 262 319 135 273 7 233 246 46 340 246 144 179 485 212 25 126 310 367 12 355 240 134 363 77 243 7 191 1 74 215 213 367 149 31 257 329 275 303 93 111 208 65 305 253 102 48 234 466 183 249 272 187 199 89 297 129 67 400 33 405 491 448 458 48 359 160 450 213 287 360 241 73 107 287 324 299 314 357 37 58 499 305 160 73 170 32 385 226 129 142 445 399 445 234 312 99 75 110 430 430 377 443 146 58 55 102 329 415 417 212 417 331 265 273 445 104 216 203 162 52 401 303 145 268 304 85 205 347 279 373 445 133 285 494 217 307 462 287 434 1 96 144 8 132 154 255 433 297 297 33 126 433 197 499 281 340 1 246 240 267 230 332 75 484 99 241 49 181 305 132 297 294 237 160 34 140 144 96 412 206 302 80 24 445 262 33 170 199 319 354 255 150 307 41 142 278 323 310 36 61 294 44 7 111 443 296 359 25 267 321 307 121 379 211 75 122 107 135 235 355 118 443 84 459 445 434 462 348 123 160 480 266 179 339 153 12 189 419 6 140 445 75 329 146 111 79 224 453 166 304 149 252 91 456 312 403 248 363 122 475 208 104 46 349 130 137 1 257 312 37 144 117 25 97 72 13 130 211 239 60 213 223 67 355 427 351 212 86 96 255 387 143 347 303 195 363 89 433 320 330 169 175 62 394 93 250 75 453 247 358 187 453 226 488 63 491 237 183 335 133 400 63 190 349 418 303 144 431
